-50,-50
-50,-50
-50,-50
-50,-50
-50,-50
-50,-50
-50,-50
-50,-50
-50,-50
-50,-50
-50,-50
-50,-50
-50,-50
-50,-50
-50,-50
-50,-50
-50,-50
360,66
355,96
360,126
385,36
400,16
527,126
520,96
510,66
485,36
460,16
-50,-50
-50,-50
-50,-50
-50,-50
-50,-50
-50,-50
-50,-50
-50,-50
-50,-50
-50,-50
-50,-50
-50,-50
-50,-50
-50,-50
15,156
35,156
53,156
71,156
89,156
107,156
130,156
153,156
171,156
189,156
207,156
225,156
245,156
268,156
286,156
304,156
322,156
340,156
360,156
401,186
437,186
473,186
509,156
527,156
545,156
563,156
581,156
599,156
617,156
640,156
658,156
676,156
694,156
712,156
735,156
758,156
776,156
794,156
812,156
830,156
853,156
20,180
-50,-50
-50,-50
-50,-50
-50,-50
-50,-50
138,180
-50,-50
-50,-50
-50,-50
-50,-50
-50,-50
256,180
-50,-50
-50,-50
-50,-50
-50,-50
-50,-50
374,180
414,180
-50,-50
464,180
504,180
-50,-50
-50,-50
-50,-50
-50,-50
-50,-50
622,180
-50,-50
-50,-50
-50,-50
-50,-50
-50,-50
740,180
-50,-50
-50,-50
-50,-50
-50,-50
-50,-50
858,180
20,198
-50,-50
-50,-50
-50,-50
-50,-50
-50,-50
138,198
-50,-50
-50,-50
-50,-50
-50,-50
-50,-50
256,198
-50,-50
-50,-50
-50,-50
-50,-50
-50,-50
374,198
414,198
-50,-50
464,198
504,198
-50,-50
-50,-50
-50,-50
-50,-50
-50,-50
622,198
-50,-50
-50,-50
-50,-50
-50,-50
-50,-50
740,198
-50,-50
-50,-50
-50,-50
-50,-50
-50,-50
858,198
20,216
-50,-50
-50,-50
-50,-50
-50,-50
-50,-50
138,216
-50,-50
-50,-50
-50,-50
-50,-50
-50,-50
256,216
-50,-50
-50,-50
-50,-50
-50,-50
-50,-50
374,216
414,216
-50,-50
464,216
504,216
-50,-50
-50,-50
-50,-50
-50,-50
-50,-50
622,216
-50,-50
-50,-50
-50,-50
-50,-50
-50,-50
740,216
-50,-50
-50,-50
-50,-50
-50,-50
-50,-50
858,216
20,234
-50,-50
-50,-50
-50,-50
-50,-50
-50,-50
138,234
-50,-50
-50,-50
-50,-50
-50,-50
-50,-50
256,234
-50,-50
-50,-50
-50,-50
-50,-50
-50,-50
374,234
414,234
-50,-50
464,234
504,234
-50,-50
-50,-50
-50,-50
-50,-50
-50,-50
622,234
-50,-50
-50,-50
-50,-50
-50,-50
-50,-50
740,234
-50,-50
-50,-50
-50,-50
-50,-50
-50,-50
858,234
20,252
-50,-50
-50,-50
-50,-50
-50,-50
-50,-50
138,252
-50,-50
-50,-50
-50,-50
-50,-50
-50,-50
256,252
-50,-50
-50,-50
-50,-50
-50,-50
-50,-50
374,252
414,252
-50,-50
464,252
504,252
-50,-50
-50,-50
-50,-50
-50,-50
-50,-50
622,252
-50,-50
-50,-50
-50,-50
-50,-50
-50,-50
740,252
-50,-50
-50,-50
-50,-50
-50,-50
-50,-50
858,252
15,272
35,272
53,272
71,272
89,272
107,272
130,272
153,272
171,272
189,272
207,272
225,272
245,272
268,272
286,272
304,272
322,272
340,272
-50,-50
-50,-50
437,300
-50,-50
-50,-50
527,272
545,272
563,272
581,272
599,272
617,272
640,272
658,272
676,272
694,272
712,272
735,272
758,272
776,272
794,272
812,272
830,272
853,272
15,320
35,320
53,320
71,320
89,320
107,320
130,320
153,320
171,320
189,320
207,320
225,320
245,320
268,320
286,320
304,320
322,320
340,320
-50,-50
-50,-50
437,300
-50,-50
-50,-50
527,320
545,320
563,320
581,320
599,320
617,320
640,320
658,320
676,320
694,320
712,320
735,320
758,320
776,320
794,320
812,320
830,320
853,320
20,340
-50,-50
-50,-50
-50,-50
-50,-50
-50,-50
138,340
-50,-50
-50,-50
-50,-50
-50,-50
-50,-50
256,340
-50,-50
-50,-50
-50,-50
-50,-50
-50,-50
374,340
414,340
-50,-50
464,340
504,340
-50,-50
-50,-50
-50,-50
-50,-50
-50,-50
622,340
-50,-50
-50,-50
-50,-50
-50,-50
-50,-50
740,340
-50,-50
-50,-50
-50,-50
-50,-50
-50,-50
858,340
20,358
-50,-50
-50,-50
-50,-50
-50,-50
-50,-50
138,358
-50,-50
-50,-50
-50,-50
-50,-50
-50,-50
256,358
-50,-50
-50,-50
-50,-50
-50,-50
-50,-50
374,358
414,358
-50,-50
464,358
504,358
-50,-50
-50,-50
-50,-50
-50,-50
-50,-50
622,358
-50,-50
-50,-50
-50,-50
-50,-50
-50,-50
740,358
-50,-50
-50,-50
-50,-50
-50,-50
-50,-50
858,358
20,376
-50,-50
-50,-50
-50,-50
-50,-50
-50,-50
138,376
-50,-50
-50,-50
-50,-50
-50,-50
-50,-50
256,376
-50,-50
-50,-50
-50,-50
-50,-50
-50,-50
374,376
414,376
-50,-50
464,376
504,376
-50,-50
-50,-50
-50,-50
-50,-50
-50,-50
622,376
-50,-50
-50,-50
-50,-50
-50,-50
-50,-50
740,376
-50,-50
-50,-50
-50,-50
-50,-50
-50,-50
858,376
20,394
-50,-50
-50,-50
-50,-50
-50,-50
-50,-50
138,394
-50,-50
-50,-50
-50,-50
-50,-50
-50,-50
256,394
-50,-50
-50,-50
-50,-50
-50,-50
-50,-50
374,394
414,394
-50,-50
464,394
504,394
-50,-50
-50,-50
-50,-50
-50,-50
-50,-50
622,394
-50,-50
-50,-50
-50,-50
-50,-50
-50,-50
740,394
-50,-50
-50,-50
-50,-50
-50,-50
-50,-50
858,394
20,412
-50,-50
-50,-50
-50,-50
-50,-50
-50,-50
138,412
-50,-50
-50,-50
-50,-50
-50,-50
-50,-50
256,412
-50,-50
-50,-50
-50,-50
-50,-50
-50,-50
374,412
414,412
-50,-50
464,412
504,412
-50,-50
-50,-50
-50,-50
-50,-50
-50,-50
622,412
-50,-50
-50,-50
-50,-50
-50,-50
-50,-50
740,412
-50,-50
-50,-50
-50,-50
-50,-50
-50,-50
858,412
15,440
35,440
53,440
71,440
89,440
107,440
130,440
153,440
171,440
189,440
207,440
225,440
245,440
268,440
286,440
304,440
322,440
340,440
-50,-50
-50,-50
437,455
-50,-50
-50,-50
527,440
545,440
563,440
581,440
599,440
617,440
640,440
658,440
676,440
694,440
712,440
735,440
758,440
776,440
794,440
812,440
830,440
853,440
15,475
35,475
53,475
71,475
89,475
107,475
130,475
153,475
171,475
189,475
207,475
225,475
245,475
268,475
286,475
304,475
322,475
340,475
-50,-50
-50,-50
437,455
-50,-50
-50,-50
527,475
545,475
563,475
581,475
599,475
617,475
640,475
658,475
676,475
694,475
712,475
735,475
758,475
776,475
794,475
812,475
830,475
853,475
20,495
-50,-50
-50,-50
-50,-50
-50,-50
-50,-50
138,495
-50,-50
-50,-50
-50,-50
-50,-50
-50,-50
256,495
-50,-50
-50,-50
-50,-50
-50,-50
-50,-50
374,495
414,495
-50,-50
464,495
504,495
-50,-50
-50,-50
-50,-50
-50,-50
-50,-50
622,495
-50,-50
-50,-50
-50,-50
-50,-50
-50,-50
740,495
-50,-50
-50,-50
-50,-50
-50,-50
-50,-50
858,495
20,513
-50,-50
-50,-50
-50,-50
-50,-50
-50,-50
138,513
-50,-50
-50,-50
-50,-50
-50,-50
-50,-50
256,513
-50,-50
-50,-50
-50,-50
-50,-50
-50,-50
374,513
414,513
-50,-50
464,513
504,513
-50,-50
-50,-50
-50,-50
-50,-50
-50,-50
622,513
-50,-50
-50,-50
-50,-50
-50,-50
-50,-50
740,513
-50,-50
-50,-50
-50,-50
-50,-50
-50,-50
858,513
20,531
-50,-50
-50,-50
-50,-50
-50,-50
-50,-50
138,531
-50,-50
-50,-50
-50,-50
-50,-50
-50,-50
256,531
-50,-50
-50,-50
-50,-50
-50,-50
-50,-50
374,531
414,531
-50,-50
464,531
504,531
-50,-50
-50,-50
-50,-50
-50,-50
-50,-50
622,531
-50,-50
-50,-50
-50,-50
-50,-50
-50,-50
740,531
-50,-50
-50,-50
-50,-50
-50,-50
-50,-50
858,531
20,549
-50,-50
-50,-50
-50,-50
-50,-50
-50,-50
138,549
-50,-50
-50,-50
-50,-50
-50,-50
-50,-50
256,549
-50,-50
-50,-50
-50,-50
-50,-50
-50,-50
374,549
414,549
-50,-50
464,549
504,549
-50,-50
-50,-50
-50,-50
-50,-50
-50,-50
622,549
-50,-50
-50,-50
-50,-50
-50,-50
-50,-50
740,549
-50,-50
-50,-50
-50,-50
-50,-50
-50,-50
858,549
20,567
-50,-50
-50,-50
-50,-50
-50,-50
-50,-50
138,567
-50,-50
-50,-50
-50,-50
-50,-50
-50,-50
256,567
-50,-50
-50,-50
-50,-50
-50,-50
-50,-50
374,567
414,567
-50,-50
464,567
504,567
-50,-50
-50,-50
-50,-50
-50,-50
-50,-50
622,567
-50,-50
-50,-50
-50,-50
-50,-50
-50,-50
740,567
-50,-50
-50,-50
-50,-50
-50,-50
-50,-50
858,567
15,602
35,602
53,602
71,602
89,602
107,602
130,602
153,602
171,602
189,602
207,602
225,602
245,602
268,602
286,602
304,602
322,602
340,602
-50,-50
-50,-50
437,615
-50,-50
-50,-50
527,602
545,602
563,602
581,602
599,602
617,602
640,602
658,602
676,602
694,602
712,602
735,602
758,602
776,602
794,602
812,602
830,602
853,602
15,637
35,637
53,637
71,637
89,637
107,637
130,637
153,637
171,637
189,637
207,637
225,637
245,637
268,637
286,637
304,637
322,637
340,637
-50,-50
-50,-50
437,615
-50,-50
-50,-50
527,637
545,637
563,637
581,637
599,637
617,637
640,637
658,637
676,637
694,637
712,637
735,637
758,637
776,637
794,637
812,637
830,637
853,637
20,657
-50,-50
-50,-50
-50,-50
-50,-50
-50,-50
138,657
-50,-50
-50,-50
-50,-50
-50,-50
-50,-50
256,657
-50,-50
-50,-50
-50,-50
-50,-50
-50,-50
374,657
414,657
-50,-50
464,657
504,657
-50,-50
-50,-50
-50,-50
-50,-50
-50,-50
622,657
-50,-50
-50,-50
-50,-50
-50,-50
-50,-50
740,657
-50,-50
-50,-50
-50,-50
-50,-50
-50,-50
858,657
20,675
-50,-50
-50,-50
-50,-50
-50,-50
-50,-50
138,675
-50,-50
-50,-50
-50,-50
-50,-50
-50,-50
256,675
-50,-50
-50,-50
-50,-50
-50,-50
-50,-50
374,675
414,675
-50,-50
464,675
504,675
-50,-50
-50,-50
-50,-50
-50,-50
-50,-50
622,675
-50,-50
-50,-50
-50,-50
-50,-50
-50,-50
740,675
-50,-50
-50,-50
-50,-50
-50,-50
-50,-50
858,675
20,693
-50,-50
-50,-50
-50,-50
-50,-50
-50,-50
138,693
-50,-50
-50,-50
-50,-50
-50,-50
-50,-50
256,693
-50,-50
-50,-50
-50,-50
-50,-50
-50,-50
374,693
414,693
-50,-50
464,693
504,693
-50,-50
-50,-50
-50,-50
-50,-50
-50,-50
622,693
-50,-50
-50,-50
-50,-50
-50,-50
-50,-50
740,693
-50,-50
-50,-50
-50,-50
-50,-50
-50,-50
858,693
20,711
-50,-50
-50,-50
-50,-50
-50,-50
-50,-50
138,711
-50,-50
-50,-50
-50,-50
-50,-50
-50,-50
256,711
-50,-50
-50,-50
-50,-50
-50,-50
-50,-50
374,711
414,711
-50,-50
464,711
504,711
-50,-50
-50,-50
-50,-50
-50,-50
-50,-50
622,711
-50,-50
-50,-50
-50,-50
-50,-50
-50,-50
740,711
-50,-50
-50,-50
-50,-50
-50,-50
-50,-50
858,711
20,729
-50,-50
-50,-50
-50,-50
-50,-50
-50,-50
138,729
-50,-50
-50,-50
-50,-50
-50,-50
-50,-50
256,729
-50,-50
-50,-50
-50,-50
-50,-50
-50,-50
374,729
414,729
-50,-50
464,729
504,729
-50,-50
-50,-50
-50,-50
-50,-50
-50,-50
622,729
-50,-50
-50,-50
-50,-50
-50,-50
-50,-50
740,729
-50,-50
-50,-50
-50,-50
-50,-50
-50,-50
858,729
15,759
35,759
53,759
71,759
89,759
107,759
130,759
153,759
171,759
189,759
207,759
225,759
245,759
268,759
286,759
304,759
322,759
340,759
360,759
401,729
437,729
473,729
509,759
527,759
545,759
563,759
581,759
599,759
617,759
640,759
658,759
676,759
694,759
712,759
735,759
758,759
776,759
794,759
812,759
830,759
853,759
-50,-50
-50,-50
-50,-50
-50,-50
-50,-50
-50,-50
-50,-50
-50,-50
-50,-50
-50,-50
-50,-50
-50,-50
-50,-50
-50,-50
-50,-50
-50,-50
-50,-50
360,656
355,686
360,716
385,626
400,606
527,716
520,686
510,656
485,626
460,606
-50,-50
-50,-50
-50,-50
-50,-50
-50,-50
-50,-50
-50,-50
-50,-50
-50,-50
-50,-50
-50,-50
-50,-50
-50,-50
-50,-50
